unif=runif(100))
p1 <- ggplot(qq_df,aes(sample=norm)) +
geom_qq() +
geom_qq_line() +
ggtitle('Normal data')
p2 <- ggplot(qq_df,aes(sample=unif)) +
geom_qq() +
geom_qq_line()+
ggtitle('Non-normal data')
plot_grid(p1,p2)
library(tidyverse)
qq_df <- tibble(norm=rnorm(100),
unif=runif(100))
p1 <- ggplot(qq_df,aes(sample=norm)) +
geom_qq() +
geom_qq_line() +
ggtitle('Normal data')
p2 <- ggplot(qq_df,aes(sample=unif)) +
geom_qq() +
geom_qq_line()+
ggtitle('Non-normal data')
plot_grid(p1,p2)
library(fivethirtyeight)
library(caret)
library(MASS)
library(cowplot)
qq_df <- tibble(norm=rnorm(100),
unif=runif(100))
p1 <- ggplot(qq_df,aes(sample=norm)) +
geom_qq() +
geom_qq_line() +
ggtitle('Normal data')
p2 <- ggplot(qq_df,aes(sample=unif)) +
geom_qq() +
geom_qq_line()+
ggtitle('Non-normal data')
plot_grid(p1,p2)
?rnorm
export(tempdel$Age, format = "dump")
install.packages("rio")
librar("rio")
library(rio)
export(tempdel$Age, format = "dump")
export(tempdel[1:4953, "Age"], format = "dump")
export(tempdel, format = "dump")
export(error_df, format = "dump")
Age <- tempdel$Age
Age <- tempdel[1:4953, "Age"]
Age <- select(tempdel, Age)
library(tidyverse)
Age <- select(tempdel, Age)
export(Age, format = "dump")
View(Age)
dump(error_df)
dump("error_df")
dump("Age")
Age <- data.frame(Age = c(26, 21, 21, 19, 29, 27, 36, 23,
32, 22, 29, 38, 36, 56, 30, 21, 44, 23, 20, 23, 25,
54, 31, 29, 27, 22, 30, 20, 32, 36, 28, 35, 23, 24,
19, 20, 23, 20, 22, 20, 38, 18, 18, 18, 24, 43, 24,
21, 21, 22, 21, 44, 23, 22, 30, 34, 25, 19, 75, 26,
45, 57, 24, 29, 33, 32, 23, 49, 38, 26, 24, 30, 42,
17, 18, 23, 25, 41, 24, 20, 43, 21, 31, 49, 32, 26,
29, 24, 20, 34, 36, 31, 22, 38, 45, 55, 29, 41, NA,
38, 18, 31, 39, 35, 42, 21, 39, 24, 28, 22, 48, 44,
30, 32, 29, 21, 39, 20, 42, 32, 25, 32, 21, 24, NA,
49, 27, 28, 19, 40, 30, 23, 22, 20, 54, 31, 27, 22,
36, 25, 32, 27, 23, 26, 37, 28, 23, 23, 36, 28, 23,
21, 24, 22, 24, 34, 27, 19, 19, 37, 17, 46, 31, 50,
35, 59, 27, 53, 25, 47, 53, 58, 36, 46, 27, 32, 55,
26, 37, 15, 28, 30, 32, 69, 22, 52, 25, 39, 39, 21,
19, 46, 30, 20, 53, 21, 20, 34, 30, 31, 31, 28, 69,
23, 49, 30, 30, 25, 25, 29, NA, 21, 21, 34, 21, 31,
20, 22, 19, 32, 24, 34, 36, 24, 33, 44, 53, 44, 25,
27, 29, 18, 35, 21, 40, 30, 26, 27, 21, 19, 22, 21,
25, 40, 31, 20, 36, 20, 53, 32, 24, 23, 28, 23, 19,
34, 39, 21, 57, 27, 37, 22, 23, 51, 22, 41, 22, 20,
39, 34, 23, 25, 45, 53, 21, 20, 35, 43, 44, 40, 22,
21, 56, 35, 22, 46, 53, 20, 46, 33, 41, 28, 29, 39,
24, 19, 38, NA, 29, 27, 39, 24, 25, 25, 21, 24, 28,
37, 34, 23, 31, 32, 25, 26, 36, 52, 26, 29, 34, 28,
48, 23, 32, 25, 56, 23, 23, 39, 26, 36, 30, 28, 29,
30, 40, 19, 24, 19, 70, 23, 46, 47, 20, 21, 30, 20,
21, 25, 27, 41, 53, 19, 36, 23, 31, 27, 46, 24, 28,
29, 24, 23, 22, 23, 31, 26, NA, 21, 20, 29, 40, 29,
20, 13, 33, 53, 18, 22, 23, 22, 40, 38, 20, 30, 29,
19, 54, 48, 25, 30, 39, 21, 42, 17, 35, NA, 39, 44,
20, 20, 28, 25, 28, 46, 46, 32, 29, 27, 50, 44, 18,
29, 52, 21, 27, 41, 34, 38, 47, 50, 42, 43, 49, 37,
34, 25, 26, 40, 37, NA, 25, 45, 53, 41, 41, 50, 36,
39, 34, 30, 47, 32, 17, 28, 20, 30, 30, 23, 24, 22,
44, 20, 24, 29, 23, 29, 40, 28, 20, 23, 25, 41, 20,
29, 30, 28, 24, 20, 36, 31, 24, 22, 20, 51, 29, 27,
17, 32, 36, 23, 44, 27, 34, 24, 26, 34, 19, 21, 20,
55, 28, 37, 43, NA, 46, 37, 25, NA, 42, 45, 21, 43,
36, 30, 43, 22, 20, 41, 23, 30, 42, 50, 19, 56, 56,
34, 39, 26, 49, 34, 39, 39, 48, 44, 40, 43, 42, 22,
37, NA, 20, 18, 57, 29, 19, 28, 31, 26, 29, 18, 22,
46, 45, 40, 23, 40, 26, 30, 27, 45, 34, 17, 34, 55,
28, 34, 30, 27, 32, 32, 35, 34, 37, 20, 32, 19, 41,
17, 24, NA, 23, 37, 39, 35, 30, 26, 20, 23, 39, 20,
22, 19, 23, 19, 19, 43, 63, 40, 33, 19, 42, 22, 38,
29, 34, 25, 35, 19, 25, 39, 22, 46, 29, 33, 17, 42,
24, 24, 40, 44, 35, 34, 22, 24, 19, 24, 18, 19, 18,
29, 33, 20, 20, 44, 24, 45, 49, 20, 41, 47, 27, 36,
22, 33, 25, 19, 27, 20, 18, 21, 23, 31, 39, 28, 31,
27, 21, 19, 41, 16, 24, 41, 20, 17, 30, 31, 20, 27,
44, 18, 35, 39, 47, 34, 53, 29, 54, 60, 46, 49, 29,
31, 22, 29, 33, 46, 20, 39, 37, 45, 25, 45, 53, 42,
51, 23, 33, 28, 26, 27, 30, 24, 21, 23, 18, 22, 41,
21, 32, 22, 42, 37, 18, 23, 24, 21, 37, 19, 22, 17,
28, 30, 26, 28, 37, 19, 27, 34, 26, 34, 28, 23, 55,
23, 38, 24, 19, 22, 24, 20, 18, 26, 19, 25, 25, 23,
16, 32, 20, 44, 25, 40, 33, 26, 91, 19, 21, 53, 51,
21, 23, 39, 30, 30, 45, 32, 33, 38, 51, 21, 25, 20,
34, 21, 41, 26, NA, 24, 25, 58, 51, 26, 21, 39, 27,
29, 24, 71, 36, 30, 48, 34, 26, 35, 18, 23, 22, 24,
21, 43, 33, 31, 18, 20, 26, 28, 25, 22, 23, 26, 23,
31, 24, 24, 25, 32, 28, 21, 28, 33, 23, 19, 47, 27,
19, 36, 54, 44, 40, 47, 32, 31, 29, 27, 31, 29, 44,
23, 50, 55, 63, 48, 63, 27, 56, 28, 19, 18, 24, 27,
20, 34, 30, 24, 37, 63, 29, 28, 26, 27, 39, 25, 22,
32, 24, 30, 36, 40, NA, 54, 41, 34, 50, 31, 34, 28,
22, 23, 21, NA, 30, 29, 30, 22, 29, 21, 25, 22, 22,
24, 28, 29, 28, 32, 44, 49, 28, 57, 31, 19, 44, 20,
48, 23, 32, 21, 21, 23, 27, 21, 22, 18, 22, 19, 50,
31, 44, 61, 22, 21, 28, 26, 20, 38, 24, 20, 31, 39,
24, 19, 25, 18, 47, 47, 42, 59, 37, 29, 36, 27, 46,
21, 62, 55, 54, 23, 20, 19, 46, 28, 37, 19, 25, 24,
19, 47, 59, 45, 31, 24, 30, 20, 43, 47, 28, 58, 59,
30, 24, 64, 48, 20, 41, 53, 17, 37, 43, 46, 34, 30,
32, 63, 30, 58, 23, 28, 35, 22, 48, 47, 53, 30, 64,
24, 66, 54, 43, 20, 55, 52, 37, 34, 57, 29, 63, 25,
54, 68, 16, 32, 30, 33, 19, 26, 50, 39, 57, 67, 22,
24, 18, 29, 43, 72, 47, 44, 25, 60, 25, 21, 21, 24,
27, 53, 30, 24, 32, 35, 30, 32, 52, 32, 25, 23, 20,
30, 26, 30, 21, 23, 28, 55, 48, 41, 71, 31, 53, 33,
51, 33, 38, 57, NA, 62, 18, 52, 22, 37, 48, 28, 37,
18, 19, 70, 23, 43, 29, 46, 22, 45, 23, 56, 44, 19,
21, 21, 29, 23, 20, 42, 23, 19, 29, 23, 24, 22, 35,
23, 34, NA, 75, 23, 23, 59, 32, 20, 32, 33, 50, 24,
25, 34, 43, 28, 30, 45, 57, 35, 29, 47, 18, 56, 61,
36, 40, 49, 53, 32, 36, 34, 57, 31, 38, 45, 55, 39,
55, 23, 52, 45, 57, NA, 38, 45, 22, 59, 26, 68, 27,
55, 43, 50, 71, 40, 28, 33, 33, 38, 61, 26, 22, 50,
52, 43, 21, 40, 29, 34, 56, 28, 20, 23, 43, 48, 28,
41, 22, 28, 28, 18, 28, 19, 17, 22, 25, 30, NA, 51,
50, 41, 19, 25, 44, 61, 71, 50, 27, 64, 45, 68, 68,
33, 58, 45, 27, 68, 18, 56, 49, 28, 25, 25, 23, 19,
22, 45, 19, 26, 19, 33, 18, 23, 58, 51, 59, 34, 30,
35, 45, 50, 43, 27, 22, NA, 33, 44, 49, 46, 22, 26,
30, 39, 20, 26, 33, 19, 17, 23, 38, 40, 25, 45, 33,
18, 26, 26, 53, 24, 28, 28, 26, 69, 19, 52, 20, 34,
25, 22, 19, 25, 18, 60, 26, 45, 41, 58, 27, 24, 24,
30, 45, 32, 65, 34, 24, 24, 26, 62, 41, 23, 42, 27,
35, 48, 46, 18, 44, 36, 51, 49, 47, 18, 28, 35, 21,
21, 20, 19, 19, 43, 48, 23, 60, 29, 23, 19, 23, 28,
26, 24, 50, 20, 21, 30, 43, 27, 22, 33, 50, 26, 44,
29, 15, 47, 20, 22, 32, 55, 19, 50, 31, 40, 24, 26,
58, 16, 19, 27, 59, 20, 31, 17, 24, 69, 24, 47, 27,
19, 43, 66, 21, 27, NA, 46, 32, 22, 39, 62, 53, 64,
21, 30, 23, 50, 41, 35, 47, 46, 73, 38, 20, 24, 42,
34, 28, 20, 46, 45, 22, 20, 73, 33, 54, 45, 24, 20,
17, 30, 34, 23, 51, 49, 46, 26, 25, 47, 30, 57, 25,
39, 34, 28, 55, 26, 40, 48, 22, 15, 39, 45, 18, 19,
42, 62, 20, 47, 57, 19, 25, 36, 27, 56, 48, 36, 28,
29, 25, 21, 21, 34, 27, 22, 36, 19, 18, 51, 19, 24,
56, 41, 22, 35, 26, 19, 48, 39, 28, 62, 76, 25, 41,
29, 31, 49, 55, 41, 26, 24, 32, 19, 25, 62, 38, 63,
43, 21, 59, 28, 27, NA, 22, 47, 31, 30, 22, 24, 26,
50, 39, 56, 32, 23, 72, 68, 37, 52, 63, 41, 40, 64,
18, 24, 29, 27, 40, 26, 36, 38, 60, 49, 32, 25, 28,
19, 24, 70, 41, 22, 41, 21, 31, 24, 45, 26, 19, 37,
60, 75, 37, 28, 46, 43, 49, 25, 28, 79, 41, 31, 49,
20, 49, 27, 38, 30, 76, 41, 35, 59, 52, 25, 69, 30,
37, 40, 19, 27, 44, 65, 52, 49, 21, 34, 21, 20, 18,
53, 29, 43, 20, 47, 30, 50, 30, 49, 21, 66, 51, 32,
53, 41, 44, 19, 23, 20, 49, 29, 25, 47, 56, 19, 37,
35, 48, 20, 27, 31, 18, 40, 21, 29, 44, 27, 36, 18,
28, 26, 26, 61, 63, 29, 28, 48, 47, 37, 52, 63, 51,
46, 64, 34, 48, 40, 61, 49, 46, 20, 24, 35, 32, 36,
62, 21, 43, 41, 45, 21, 41, 20, 29, 52, 65, 43, 30,
57, 20, NA, 25, 62, 62, 18, 73, 62, 54, 26, 49, 37,
59, 32, 45, 68, 68, 74, 19, 26, 25, 19, 22, 23, NA,
45, 29, 47, 38, 63, 52, 50, 22, 47, 25, 39, 31, 28,
53, 26, 23, 46, 20, 60, 47, 56, 24, 20, 39, 29, 53,
21, 33, 21, 17, 37, 50, 43, 27, 41, 34, 44, 19, 39,
26, 25, 52, 44, 22, 23, 36, 42, 23, 41, 21, 45, 29,
21, 25, 32, 28, 28, 30, 39, 46, 25, 20, 25, 22, 42,
48, 20, 29, 35, 59, 31, 23, 28, 48, 49, 45, 62, 22,
38, 24, 19, 23, 25, 21, 28, 22, 20, 33, 21, 61, 60,
16, 65, 61, 45, 66, 40, 23, 58, 45, 34, 32, 56, 26,
20, 32, 49, 50, 30, 29, 25, 25, 35, 28, 22, 20, 26,
40, 47, 28, 24, 27, 40, 26, 23, 60, 32, 36, 33, 20,
30, 40, 28, 21, 30, 66, NA, 23, 49, 27, 21, 47, 25,
16, 57, 60, 22, 32, 28, 66, 56, 42, 30, 26, NA, 41,
45, 48, 26, 20, 40, 17, 27, 22, 21, 25, 26, 24, 40,
29, 24, 23, NA, 24, 49, 25, 26, 40, 56, 24, 19, 27,
34, 28, 41, 44, 42, 19, 25, 47, 24, 31, 27, 49, 22,
54, 54, 51, 28, 21, 24, 24, 44, 38, 40, 30, 24, 51,
63, 54, NA, 30, 24, 39, 22, 16, 26, 46, 30, 21, 46,
39, 22, 20, 21, 27, 30, 53, 65, 29, 26, 42, 51, 30,
41, 33, 25, 19, 48, 24, 31, 67, 22, 68, 68, 42, 41,
16, 48, 49, 42, 24, 51, 22, 30, 41, 23, 34, 30, 20,
52, 46, 47, 60, 42, 49, 47, 29, 37, 34, 27, 52, 29,
26, 28, 26, 39, 56, 51, 22, 69, 45, 50, 22, 43, 76,
30, 50, 31, 32, NA, 55, 60, 64, 25, 38, 22, 35, 40,
47, 40, 42, 39, 58, 25, 40, 38, 30, 36, 45, 25, 48,
28, 25, 22, 39, 39, 46, 43, 56, NA, 37, 51, 35, 22,
39, 22, 19, 20, 52, 67, 44, 39, 35, 23, 34, 48, 53,
44, 26, 42, 24, 33, 56, 50, 39, 35, 23, 33, 24, 28,
58, 18, 54, 34, 35, 38, 19, 41, 52, 45, 17, 24, NA,
24, 33, 22, 25, 34, 42, 22, 26, 23, 35, 38, NA, 29,
27, 30, 21, 50, 58, 22, 62, NA, 22, 35, 18, 28, 32,
28, 35, 22, 26, 19, 42, 28, 47, 20, 25, 30, 26, 27,
42, 38, 33, 23, 25, 41, 24, 58, 54, 58, 29, 22, 20,
50, 20, 45, 20, 32, 45, 30, 33, 33, 33, 50, 54, 41,
33, 56, 37, 33, 22, 24, 35, 31, 25, 31, NA, 39, 43,
35, 41, 43, 49, 30, 28, 21, 56, 32, 46, 47, 24, 43,
25, 26, 39, 55, 38, 25, 25, 25, 25, 40, 28, 22, 37,
42, 22, 19, 48, 52, 27, 27, 43, 58, 58, 56, 37, 25,
38, 56, 51, 41, 39, 42, 50, 55, 55, 48, 24, 45, 35,
20, 39, 57, 62, 42, 79, 55, 37, 49, 39, 48, 59, 70,
40, 40, 56, 44, 75, 27, 29, 50, 23, 22, 25, 38, 23,
24, 57, 23, 22, 36, 50, 26, 44, 22, 23, 27, 25, 40,
41, 56, 24, 48, 27, 47, 39, 36, 19, 28, 24, 20, 41,
35, 19, 36, 38, 54, 24, 16, 25, 30, NA, 48, 40, 23,
72, 74, 18, 53, 19, 43, 21, 21, 35, 44, 20, 44, 49,
26, 47, 48, 29, 35, 60, 29, 41, 46, 46, 43, 41, 49,
35, 23, 47, 34, 57, 54, 19, 29, 61, 25, 22, 24, 25,
25, 39, 28, 28, 27, 29, 19, 43, 48, NA, 57, 32, 29,
27, 25, 41, 59, 38, 28, 26, 35, 23, 30, 27, 24, 55,
48, 33, 49, 36, 52, 27, 34, 21, 40, 19, 25, 46, 41,
27, 56, 43, 20, 32, 49, 58, 48, 30, 39, 22, 51, 38,
20, 25, 54, 26, 24, 30, 20, NA, 47, 19, 24, 22, 22,
23, 49, 48, 27, 36, 37, 44, 49, 24, 19, 57, 37, 22,
NA, 35, 17, 17, 20, 41, 19, 17, 17, 16, 22, 45, 21,
19, 24, 25, 27, 22, 46, 45, 26, 47, 70, 16, 15, 17,
30, NA, 41, 24, 27, 51, 58, 34, 19, 30, 40, 34, 36,
56, 29, 19, 24, 36, 48, 40, 20, 25, 48, 20, 23, 26,
49, 43, 66, 21, 45, 35, 25, 20, NA, 32, 24, 50, 31,
24, 23, 28, 48, 29, 37, 41, 40, 32, 35, 34, 23, 27,
50, 32, 50, 40, 50, 35, 53, 44, 48, 29, 43, 27, 44,
32, 16, 48, 34, 40, 81, 26, 42, 49, 52, 58, NA, 23,
45, 60, 47, 29, 26, 21, 37, 19, 15, 25, 58, 49, 24,
22, 26, 28, 41, 48, 69, NA, 23, 37, 35, NA, 21, 27,
62, 33, 35, 47, 60, 48, 45, 43, 36, 59, 48, 19, 29,
19, 14, 32, 46, 40, 34, 31, 24, NA, 37, 56, 57, 48,
55, 29, 22, 38, 41, 43, 46, 23, 35, 36, 27, 54, 22,
40, 49, 27, 42, 44, 44, 49, 56, 34, 21, 20, 43, 43,
45, 56, 53, 22, 58, 23, NA, 44, 43, 25, 58, NA, 41,
44, 22, 20, 27, 31, 25, 22, 22, 34, 57, 55, 44, 56,
NA, 30, 23, 34, 34, 23, 35, 21, 36, 21, 25, 21, 22,
49, 57, 40, 21, 37, 64, 26, 62, 57, 49, 50, 32, NA,
44, 66, 50, 21, 36, 30, NA, 26, 39, 27, NA, NA, 53,
26, 27, 60, NA, NA, 38, 46, 45, 37, 26, 23, 31, 28,
26, 33, 31, 52, 30, 32, 22, 39, 72, 25, 51, 35, 51,
23, 53, 27, 41, 25, 40, 35, 44, 41, 29, 48, 39, 35,
57, NA, 29, 70, 26, 35, 54, 22, 60, 40, 47, 39, 36,
66, 53, 30, 44, 25, 47, 39, 46, 42, 48, 39, 26, 51,
54, 63, 47, 41, 40, 32, 57, 30, NA, 21, 21, 51, 29,
38, 22, 34, 27, 42, 23, 56, 25, 19, NA, 23, 23, 36,
22, 36, 22, 43, 25, 47, 50, 29, 38, 69, 53, 36, 38,
35, 56, 48, 42, 72, 60, 30, 49, 53, 30, 53, 45, 56,
51, NA, 58, 45, 34, 48, 38, 52, 44, 50, 52, 26, 47,
40, 60, 43, 57, NA, NA, 24, 50, 55, 45, 49, 49, 44,
58, 55, 41, 41, 40, NA, 38, 46, 44, 58, 27, 42, 50,
35, 31, 26, NA, 21, 24, 29, 23, 33, 19, 33, 26, 19,
37, 20, 23, 55, 75, 26, 38, 22, 19, 30, 25, 50, 28,
19, 48, 34, 32, 23, 30, 29, 26, 18, 24, 28, 21, 49,
NA, 18, 51, 30, 47, 23, 36, 38, 30, 34, 27, 39, 38,
22, 22, 35, 31, 21, 24, 40, 25, 31, 27, 22, 23, 20,
19, 48, 15, 34, 50, 30, NA, 28, NA, 18, 29, 76, NA,
33, 47, 47, 55, NA, 49, 31, 45, NA, 41, 60, 30, 19,
45, 47, 55, 22, 50, 46, 30, 20, 25, 39, 45, 23, 31,
84, 55, 28, 41, NA, 38, 25, 26, 24, 40, 22, 25, NA,
43, 67, 47, 42, 18, 20, 24, 21, 24, 39, 47, 42, 36,
23, 29, 29, 25, NA, 34, 36, 22, 22, 19, 27, 28, 17,
58, 21, 22, 30, 29, 31, 31, 25, NA, 31, 33, 37, 35,
33, 19, 25, 50, NA, 39, 44, 38, 23, 26, 41, 23, 17,
38, NA, 23, NA, 21, 33, 45, 26, NA, 23, 30, 33, 33,
46, NA, 41, 35, 36, 29, 41, 37, NA, 26, 24, NA, 30,
26, 51, 41, 46, 45, 23, 32, 41, 31, NA, 27, 39, 37,
45, 21, 24, 27, 39, 33, 33, 36, 55, 24, 34, 46, 28,
NA, NA, 35, 25, 29, 26, 26, 42, 21, 34, 46, 21, 41,
26, 20, 33, 33, 34, 24, 28, 32, 28, 25, 26, 27, 22,
62, 45, 28, 28, NA, 34, 30, 21, 22, NA, NA, 26, 26,
33, 25, 47, 31, 29, 40, 27, 33, 28, 23, 27, 20, 29,
33, 27, 28, 28, 25, 44, 42, 26, 38, 21, 30, 39, 23,
NA, 27, 29, NA, 35, 35, 41, 40, 19, 50, 71, 23, 26,
21, 55, 44, 58, 28, 38, 56, 27, 35, 30, 46, 20, 37,
36, 23, 30, 26, 18, 22, 29, 18, 34, 38, 31, 24, 36,
25, 25, 20, 39, 42, 52, 39, NA, 45, 32, 22, 36, 22,
23, 21, 37, 24, 23, 26, 32, 68, NA, NA, 34, 35, NA,
NA, 33, 39, 39, 21, NA, 21, 47, 38, 21, 26, 35, 27,
21, 48, NA, 20, 18, 18, 23, 19, 42, 56, 47, 28, 26,
21, 27, 34, 42, 41, 50, 28, NA, 54, 65, 54, 46, 41,
57, 44, 33, 27, 43, 47, 45, 28, 39, 33, 57, 40, 53,
45, 46, 46, 34, 29, 40, 27, 44, 32, 52, NA, 42, 39,
29, 43, 43, 36, 52, 42, 50, 25, 46, 55, 49, 28, 45,
62, 52, 60, 47, NA, 34, 45, 45, 37, 53, 20, NA, 54,
59, 53, 45, 56, NA, 51, 31, 56, 45, 29, 32, 25, 47,
27, 38, NA, 43, NA, NA, 61, 34, 44, 68, 74, 45, 50,
44, 47, 44, NA, NA, 47, 30, 29, 27, 58, 48, 23, 43,
40, 27, 35, 45, 39, 45, 30, 38, 42, 51, 27, 45, 41,
30, NA, NA, 35, 29, 48, 34, 58, 33, 34, 43, 34, 51,
45, 40, 45, 43, 43, 47, 56, 54, 52, 53, 21, 43, 30,
31, 30, 44, 40, 25, 58, 45, NA, 38, 64, 27, 37, 37,
31, 26, 31, 34, 32, 24, 29, 39, 22, 30, 39, 29, 38,
29, 64, 19, 29, 26, 25, 21, 23, 26, 32, 52, 31, 59,
41, 25, NA, 59, 22, 56, 32, 35, 53, 29, NA, 25, 34,
28, 46, 44, 34, 41, 58, 52, 33, 25, 54, 26, 50, NA,
26, 36, 27, 54, 55, 59, 62, 45, 41, 25, 67, 47, 41,
39, 36, 38, 56, 42, 43, 45, 30, 66, 33, 71, 30, 24,
23, 24, 42, 33, 47, 42, 20, 25, 23, 35, 28, 30, 78,
44, 49, 53, 79, 53, 60, 42, 71, 32, 46, 39, 53, 42,
54, 45, 36, 43, 48, 45, 24, 26, 28, 37, 49, 34, 57,
54, 59, 38, 35, 29, 29, 24, 28, 47, 41, 45, 29, 18,
21, 29, 38, 23, 70, 59, 20, 28, 26, 28, 38, 36, 49,
NA, 18, 34, 48, 31, 46, NA, 47, 46, 34, 32, 46, 42,
38, 50, 56, 63, 54, 48, 16, 48, 23, 20, 41, 17, 36,
42, NA, 25, 50, 57, 60, 37, 31, 48, 17, 29, 30, 35,
30, 26, 36, 34, 47, 42, 21, 25, 32, 22, 21, 49, 18,
19, 25, 26, 24, 33, 31, 49, 41, 38, 24, 32, 25, 33,
27, 54, 46, NA, 29, 19, 34, 27, 36, 53, 19, 28, 20,
21, 35, 31, 19, 26, 46, 41, 40, 45, 35, 38, 28, 30,
31, NA, 49, 34, 33, 32, 35, 56, 46, 24, NA, 38, 33,
43, 60, 46, 46, 37, 44, 45, 50, 33, 36, 43, 45, NA,
26, 26, 26, 48, 31, 47, 55, 50, 32, 37, 44, 46, 43,
44, 39, 34, 46, 45, 42, 32, 36, NA, 36, 34, 42, 44,
43, 50, 30, 50, 28, 24, 38, 46, 25, 23, NA, 22, 34,
22, 30, 17, 22, 24, 54, 23, 20, 20, 58, 29, 29, 57,
25, 56, 19, 26, 19, 38, 30, 20, 18, 42, 28, 19, 38,
21, 25, 38, 56, 45, 28, 29, 44, NA, 22, 27, 31, 59,
44, 44, 30, 33, 35, 15, 23, 22, 18, 52, 15, 30, 46,
25, 22, 40, 42, 56, 36, 36, 22, 41, 31, 21, 32, 30,
30, 44, 24, 38, 52, 40, 35, 23, 31, 47, 61, 66, NA,
66, 50, 54, 46, 28, 42, 56, 47, 47, 62, 27, NA, 56,
26, 20, NA, 28, 41, 44, 24, 43, 36, 29, 21, 39, 23,
48, 33, 61, 60, NA, NA, 60, NA, 30, 46, 52, 47, 59,
31, 35, 32, 49, 34, 38, 46, 38, 48, 54, 47, 51, 48,
30, 29, 30, 36, 30, 37, NA, 47, 25, 46, 30, 35, 56,
35, 40, 41, 44, 41, 30, 32, 42, 28, 46, NA, 53, 44,
52, NA, 30, 54, 47, 41, 50, 40, 25, 58, 35, 35, 52,
33, 47, 34, 33, 55, 57, 45, 42, 53, 51, 24, 25, 23,
20, NA, 25, 22, 81, 41, 33, 28, 21, 25, 31, 29, 45,
33, 50, 24, 24, 20, 24, 24, 47, 24, NA, 55, 37, 32,
40, 20, 27, 30, 45, 34, 32, 40, 29, 26, 72, 29, 31,
42, 39, 43, 23, 44, 48, NA, 38, 20, 22, 41, 24, 41,
60, 21, 45, 51, 36, 21, 23, 57, 25, 42, 31, 38, 36,
54, 48, 42, 49, 23, 30, 51, 30, 26, 21, 28, 46, 31,
20, 34, 22, 21, 65, 32, 19, 29, 52, 28, 26, 47, 19,
38, 35, 37, 23, 50, 22, 21, 25, 27, 45, 39, 41, 17,
37, 21, 17, 63, 40, 21, 43, 21, 20, 31, 15, 53, 46,
17, 19, 21, 24, NA, 37, 19, 20, 44, 29, 51, NA, 52,
18, 22, 49, 48, 27, 31, 54, 28, 54, 26, 33, 46, 37,
30, 41, 34, 34, 18, NA, NA, 33, 34, 28, NA, 16, 16,
24, NA, 20, 23, 30, 19, 17, 17, 15, 26, 23, 29, 26,
22, 55, 56, 30, 22, NA, 19, 46, NA, 35, 43, NA, 32,
46, 18, NA, 20, NA, NA, 41, 28, 39, 56, 18, 48, 33,
25, 36, 33, 26, NA, 71, NA, 24, 39, 24, 46, 21, 46,
32, 55, 34, 35, 20, 26, NA, 23, 32, 23, 30, 20, 20,
43, NA, 44, 46, 21, 32, 26, 29, 55, 29, 28, 40, 27,
51, 24, 27, 26, 39, 30, 32, 22, 22, 29, 26, 32, 59,
45, 40, 40, 19, 31, 37, 46, 24, 18, 23, 41, 45, 38,
18, 28, 40, 43, 39, 26, 54, 53, 20, 25, 59, 31, 42,
52, 53, 25, 27, 27, 18, 18, 34, 52, 42, 45, 18, 59,
20, 59, 25, 29, 49, 55, 23, 31, NA, 20, 40, 48, 33,
61, 56, 52, 44, 63, 46, 53, 39, 49, 28, 45, 42, 44,
44, 56, 54, 58, 43, 42, 78, 81, 55, 59, 39, 46, 79,
42, 56, 33, 48, 52, 32, 57, 57, 42, 58, 62, 41, 54,
43, NA, 51, 48, 53, 27, 54, 62, 41, 68, 63, NA, 64,
58, NA, 62, 55, 72, 72, 74, NA, 64, 65, 54, 81, 52,
59, 55, 79, 43, 43, 35, 39, 36, 33, 27, 46, NA, 56,
22, NA, 46, 33, 38, 33, 29, 45, 24, 31, 49, 33, 57,
27, 25, 21, 41, 31, 60, 17, 18, 17, 22, 22, 19, 27,
20, 48, 17, 55, 18, 18, 22, 22, 25, 21, 20, 19, 51,
20, 40, 27, 61, 40, 52, 28, 55, 57, 18, 37, 21, 27,
23, 35, 44, 22, 31, 22, 47, 21, 44, 46, 19, 29, 20,
29, 29, 18, 20, 33, 41, NA, 53, 22, 25, 29, 38, 26,
33, 57, 28, 32, 34, 38, 67, 26, 50, 36, 36, 33, 25,
51, 24, 31, 39, 24, 24, NA, 17, 17, NA, 19, 20, 31,
19, 40, 25, 25, 43, 28, 26, 36, 18, 19, 24, 22, 48,
20, 30, 19, 43, 52, 44, 58, 36, 59, NA, 27, 34, 46,
28, 23, 29, 21, 22, 23, 56, 31, NA, 32, 37, 40, 42,
44, 50, 75, 48, 39, 57, 53, 59, 34, 34, 14, 56, 55,
67, 34, 25, 38, 34, 46, 53, 64, 54, 53, 20, 21, 30,
18, 18, 23, 48, 45, 47, 21, 21, 27, 19, 30, 44, 59,
26, 39, 24, NA, 42, 19, NA, 27, 19, 29, 48, 35, 24,
30, 25, 39, 35, 49, 28, 21, 19, 55, 56, 44, 48, 22,
27, 43, 51, NA, 70, 48, 56, 47, 32, 37, 27, 20, 19,
43, 48, 46, 24, 45, NA, 44, 49, 28, 42, 44, 27, 17,
NA, 29, 29, 19, 18, 34, 39, 17, 30, 41, 37, NA, 25,
19, 24, 26, 18, 60, 19, 59, 44, 30, 20, 22, 28, 53,
24, 24, 32, 21, 23, 20, 23, 24, 40, 23, 58, 26, 33,
36, 40, 63, NA, NA, 21, 34, 23, 38, 55, 28, 25, 23,
43, 48, 49, NA, 20, 19, 32, 27, 23, 22, 23, 55, NA,
NA, 54, 54, 36, 21, 20, 19, 36, NA, 22, 22, NA, 25,
34, 23, 25, NA, NA, 22, 26, 16, 26, 21, 23, 23, 42,
23, 29, 19, 32, 22, 22, 21, 18, 24, 22, 41, 30, 18,
NA, 35, NA, 29, 33, 18, 47, 45, 26, 23, 30, 23, 48,
18, 22, NA, 29, 38, 24, 30, 33, 26, NA, 19, 55, 20,
22, 29, NA, 41, 25, 21, 21, 29, 26, 22, 33, NA, 20,
43, NA, NA, 20, NA, 19, 23, 47, 40, 46, 42, 55, 33,
27, 25, 21, 35, 19, 20, 34, NA, 21, NA, 21, NA, 40,
36, 28, 40, 22, 22, 22, 60, 27, 54, 32, 28, 25, 23,
22, 23, 25, 34, NA, NA, 31, 37, 18, 17, 25, 24, 33,
30, 22, NA, 20, 23, 24, 21, 41, 20, 21, 34, 37, 49,
22, 25, 20, 14, 27, 14, 39, 28, 31, 29, 34, 40, 28,
42, 39, 45, 40, 19, 22, 21, 46, 54, 32, 20, 21, NA,
27, 64, 18, 53, 49, 30, 26, 20, NA, NA, 18, 29, 23,
47, 27, 19, 39, 38, 29, 37, 29, 22, 23, 21, 31, 48,
26, NA, 48, 58, 38, 20, 25, 51, 56, 25, 64, 39, 58,
54, NA, 33, 40, 43, 38, 58, 40, 41, NA, NA, 35, 63,
61, 26, 44, 52, 43, 32, 59, 35, 32, 32, 49, 32, 40,
37, 26, 62, 27, 54, 39, 39, 27, 40, 38, 28, 47, 30,
30, 63, 48, 43, 54, 61, 44, 33, 37, 20, 17, 19, 54,
16, 56, 54, 25, 51, 31, 35, 32, 63, 26, 24, NA, 35,
38, 24, 44, 21, 35, 35, 47, 41, 57, 17, 18, 45, 32,
32, 47, 63, 62, 19, 38, 41, 45, 64, 29, 54, 46, 55,
50, 44, 46, 55, 55, 41, 51, 58, 48, 48, 58, 45, NA,
42, 32, 21, 64, 46, 24, 57, 44, 46, 53, 46, 54, 43,
57, 59, 44, 20, 27, 26, 27, 24, 49, 29, 51, 34, 20,
34, 44, 37, 55, 28, 46, 20, 46, 18, 44, 17, 21, 57,
50, 30, NA, NA, 21, 18, 51, NA, 39, 56, NA, 28, 16,
32, 49, 64, 27, 25, 27, 50, 45, 36, 48, 20, 45, 23,
27, 41, 36, 46, 47, 34, 63, 53, 20, 47, 24, 22, 15,
42, 45, NA, 49, 24, 41, 36, 56, 47, 51, 46, 26, 40,
53, 47, 47, 16, 58, 53, 60, 32, 27, 51, 37, 63, 36,
37, 28, 38, 28, NA, 46, 50, 25, 19, 61, 53, 26, 50,
40, 13, 42, 59, 44, 33, 46, NA, 21, NA, 21, 44, 48,
51, 26, 26, 68, 37, 19, 44, 39, 27, 38, 52, 28, 29,
58, 35, 44, NA, 23, 38, 48, 21, 51, 43, 47, 54, 41,
45, 52, 33, 27, 52, 19, 45, 43, 21, 34, 50, 29, 48,
34, 29, 50, 34, 39, 31, 44, 30, 26, 33, 39, 30, 33,
54, 50, 50, 43, 29, 23, 50, 45, 25, 46, 54, 60, 23,
50, 30, 20, 13, 55, 27, 31, 30, 29, 25, 28, 28, 42,
39, 59, 40, 53, 49))
View(Age)
?akaike.weights
library(MuMIn)
install.packages("MuMIn")
library(MuMIn)
Weights(c(3264, 3288, 3299))
install.packages("qpcR")
library(qpcR)
akaike.weights(c(3264, 3288, 3299))
?sample
library(tidyverse)
library(ggplot2)
library(cowplot)
library(knitr)
set.seed(123456) # set random seed to exactly replicate results
# load the NHANES data library
library(NHANES)
# drop duplicated IDs within the NHANES dataset
NHANES <- NHANES %>%
dplyr::distinct(ID,.keep_all=TRUE)
NHANES_adult <- NHANES %>%
drop_na(Height) %>%
subset(Age>=18)
library(tidyverse)
library(ggplot2)
library(cowplot)
library(knitr)
set.seed(123456) # set random seed to exactly replicate results
# load the NHANES data library
library(NHANES)
# drop duplicated IDs within the NHANES dataset
NHANES <- NHANES %>%
dplyr::distinct(ID,.keep_all=TRUE)
NHANES_adult <- NHANES %>%
drop_na(Height) %>%
subset(Age>=18)
p1 <-
tibble(
x = runif(10000)
) %>%
ggplot((aes(x))) +
geom_histogram(bins = 100) +
labs(title = "Uniform")
p2 <-
tibble(
x = rnorm(10000)
) %>%
ggplot(aes(x)) +
geom_histogram(bins = 100) +
labs(title = "Normal")
plot_grid(p1, p2, ncol = 3)
plot_grid(p1, p2, ncol = 3)
p2
plot_grid(p1, p2, ncol = 3)
?binom
?binomial
rbinom(4, 5, .91)
rbinom(5, 4, .91)
hist(rbinom(5000, 4, .91))
hist(rbinom(10000, 4, .91))
hist(rbinom(10000, 4, .91)/10000)
?hist
hist(rbinom(10000, 4, .91), density = TRUE)
density(rbinom(10000, 4, .91)/10000)
hist(rbinom(10000, 4, .91), freq = FALSE)
hist(rbinom(10000, 4, .91), freq = FALSE, breaks = 4)
hist(rbinom(10000, 4, .91), freq = FALSE, breaks = 5)
?set.seed
?rnorm
rnorm(5, mean = 100, sd = 10)
?sd
gitcreds_set()
library(gitcreds)
gitcreds_set()
